5.262e+00 -1.730e-02 6.739e+00
1.053e+01 1.471e-02 1.206e+01
1.580e+01 4.876e-04 1.739e+01
2.105e+01 2.405e-02 2.269e+01
2.633e+01 -4.594e-03 2.800e+01
3.157e+01 2.664e-03 3.332e+01
3.684e+01 1.948e-03 3.863e+01
4.210e+01 2.863e-04 4.397e+01
4.736e+01 -1.817e-02 4.927e+01
5.263e+01 3.265e-03 5.458e+01
5.789e+01 -1.490e-02 5.989e+01
6.315e+01 -1.252e-02 6.522e+01
6.841e+01 1.690e-02 7.055e+01
7.369e+01 -5.578e-03 7.587e+01
7.896e+01 7.349e-03 8.118e+01
8.422e+01 -2.942e-03 8.648e+01
8.948e+01 -5.276e-04 9.179e+01
9.474e+01 6.434e-03 9.711e+01
1.000e+02 -1.603e-02 1.024e+02
-2.032e-02 5.264e+00 1.426e+00
5.270e+00 5.257e+00 6.732e+00
1.053e+01 5.256e+00 1.205e+01
1.579e+01 5.276e+00 1.738e+01
2.106e+01 5.260e+00 2.270e+01
2.632e+01 5.249e+00 2.801e+01
3.156e+01 5.265e+00 3.333e+01
3.685e+01 5.257e+00 3.864e+01
4.211e+01 5.269e+00 4.395e+01
4.737e+01 5.261e+00 4.924e+01
5.263e+01 5.261e+00 5.457e+01
5.789e+01 5.263e+00 5.991e+01
6.317e+01 5.282e+00 6.521e+01
6.844e+01 5.267e+00 7.053e+01
7.369e+01 5.264e+00 7.583e+01
7.897e+01 5.249e+00 8.117e+01
8.422e+01 5.247e+00 8.648e+01
8.946e+01 5.253e+00 9.181e+01
9.474e+01 5.278e+00 9.710e+01
1.000e+02 5.261e+00 1.024e+02
4.089e-04 1.055e+01 1.443e+00
5.269e+00 1.053e+01 6.728e+00
1.053e+01 1.054e+01 1.204e+01
1.580e+01 1.053e+01 1.736e+01
2.104e+01 1.053e+01 2.269e+01
2.630e+01 1.052e+01 2.801e+01
3.158e+01 1.053e+01 3.333e+01
3.682e+01 1.053e+01 3.863e+01
4.210e+01 1.051e+01 4.395e+01
4.736e+01 1.052e+01 4.928e+01
5.263e+01 1.052e+01 5.459e+01
5.790e+01 1.053e+01 5.991e+01
6.316e+01 1.053e+01 6.522e+01
6.844e+01 1.052e+01 7.054e+01
7.369e+01 1.053e+01 7.586e+01
7.896e+01 1.052e+01 8.117e+01
8.421e+01 1.053e+01 8.648e+01
8.948e+01 1.052e+01 9.181e+01
9.474e+01 1.053e+01 9.712e+01
1.000e+02 1.053e+01 1.024e+02
9.503e-04 1.578e+01 1.427e+00
5.261e+00 1.580e+01 6.728e+00
1.052e+01 1.580e+01 1.205e+01
1.578e+01 1.578e+01 1.736e+01
2.106e+01 1.578e+01 2.266e+01
2.633e+01 1.577e+01 2.802e+01
3.158e+01 1.580e+01 3.329e+01
3.684e+01 1.580e+01 3.861e+01
4.210e+01 1.578e+01 4.395e+01
4.738e+01 1.580e+01 4.927e+01
5.263e+01 1.578e+01 5.459e+01
5.790e+01 1.577e+01 5.990e+01
6.316e+01 1.580e+01 6.523e+01
6.844e+01 1.580e+01 7.055e+01
7.368e+01 1.581e+01 7.585e+01
7.896e+01 1.579e+01 8.115e+01
8.421e+01 1.581e+01 8.649e+01
8.947e+01 1.577e+01 9.183e+01
9.473e+01 1.579e+01 9.710e+01
9.999e+01 1.579e+01 1.024e+02
1.299e-03 2.105e+01 1.431e+00
5.263e+00 2.107e+01 6.749e+00
1.052e+01 2.105e+01 1.205e+01
1.579e+01 2.105e+01 1.738e+01
2.105e+01 2.105e+01 2.269e+01
2.632e+01 2.107e+01 2.801e+01
3.158e+01 2.107e+01 3.333e+01
3.686e+01 2.106e+01 3.864e+01
4.212e+01 2.104e+01 4.396e+01
4.738e+01 2.107e+01 4.927e+01
5.265e+01 2.105e+01 5.457e+01
5.789e+01 2.105e+01 5.989e+01
6.317e+01 2.105e+01 6.523e+01
6.842e+01 2.105e+01 7.056e+01
7.368e+01 2.107e+01 7.587e+01
7.895e+01 2.104e+01 8.116e+01
8.423e+01 2.106e+01 8.648e+01
8.948e+01 2.105e+01 9.180e+01
9.474e+01 2.106e+01 9.710e+01
1.000e+02 2.105e+01 1.024e+02
8.540e-03 2.633e+01 1.446e+00
5.272e+00 2.632e+01 6.732e+00
1.053e+01 2.631e+01 1.204e+01
1.580e+01 2.633e+01 1.738e+01
2.107e+01 2.633e+01 2.270e+01
2.632e+01 2.632e+01 2.801e+01
3.157e+01 2.631e+01 3.333e+01
3.685e+01 2.632e+01 3.863e+01
4.209e+01 2.630e+01 4.396e+01
4.737e+01 2.632e+01 4.926e+01
5.264e+01 2.632e+01 5.457e+01
5.790e+01 2.631e+01 5.989e+01
6.316e+01 2.630e+01 6.523e+01
6.843e+01 2.631e+01 7.053e+01
7.369e+01 2.632e+01 7.586e+01
7.894e+01 2.631e+01 8.117e+01
8.420e+01 2.630e+01 8.649e+01
8.947e+01 2.633e+01 9.181e+01
9.476e+01 2.631e+01 9.713e+01
1.000e+02 2.632e+01 1.024e+02
-8.650e-03 3.159e+01 1.423e+00
5.269e+00 3.157e+01 6.751e+00
1.053e+01 3.157e+01 1.207e+01
1.579e+01 3.158e+01 1.736e+01
2.104e+01 3.159e+01 2.269e+01
2.631e+01 3.158e+01 2.801e+01
3.159e+01 3.157e+01 3.333e+01
3.682e+01 3.159e+01 3.863e+01
4.211e+01 3.158e+01 4.393e+01
4.736e+01 3.158e+01 4.925e+01
5.261e+01 3.157e+01 5.458e+01
5.788e+01 3.158e+01 5.990e+01
6.314e+01 3.158e+01 6.521e+01
6.843e+01 3.158e+01 7.054e+01
7.369e+01 3.157e+01 7.585e+01
7.895e+01 3.159e+01 8.118e+01
8.421e+01 3.159e+01 8.650e+01
8.947e+01 3.158e+01 9.179e+01
9.474e+01 3.160e+01 9.710e+01
1.000e+02 3.157e+01 1.024e+02
-1.502e-02 3.684e+01 1.421e+00
5.252e+00 3.684e+01 6.742e+00
1.051e+01 3.685e+01 1.206e+01
1.578e+01 3.685e+01 1.737e+01
2.107e+01 3.685e+01 2.270e+01
2.632e+01 3.685e+01 2.800e+01
3.159e+01 3.685e+01 3.333e+01
3.684e+01 3.683e+01 3.866e+01
4.211e+01 3.683e+01 4.397e+01
4.736e+01 3.686e+01 4.926e+01
5.263e+01 3.684e+01 5.459e+01
5.789e+01 3.683e+01 5.992e+01
6.316e+01 3.685e+01 6.520e+01
6.841e+01 3.683e+01 7.053e+01
7.368e+01 3.684e+01 7.585e+01
7.896e+01 3.686e+01 8.116e+01
8.423e+01 3.684e+01 8.648e+01
8.947e+01 3.684e+01 9.181e+01
9.473e+01 3.683e+01 9.712e+01
1.000e+02 3.685e+01 1.024e+02
-8.417e-03 4.211e+01 1.425e+00
5.276e+00 4.212e+01 6.723e+00
1.054e+01 4.213e+01 1.204e+01
1.578e+01 4.209e+01 1.736e+01
2.105e+01 4.211e+01 2.269e+01
2.633e+01 4.209e+01 2.800e+01
3.157e+01 4.211e+01 3.332e+01
3.685e+01 4.213e+01 3.864e+01
4.210e+01 4.210e+01 4.395e+01
4.736e+01 4.210e+01 4.929e+01
5.264e+01 4.210e+01 5.459e+01
5.789e+01 4.211e+01 5.992e+01
6.316e+01 4.211e+01 6.522e+01
6.841e+01 4.209e+01 7.052e+01
7.367e+01 4.211e+01 7.585e+01
7.896e+01 4.211e+01 8.115e+01
8.422e+01 4.210e+01 8.648e+01
8.947e+01 4.211e+01 9.181e+01
9.473e+01 4.213e+01 9.711e+01
1.000e+02 4.210e+01 1.024e+02
5.028e-05 4.737e+01 1.407e+00
5.253e+00 4.736e+01 6.732e+00
1.052e+01 4.736e+01 1.205e+01
1.580e+01 4.736e+01 1.737e+01
2.105e+01 4.737e+01 2.269e+01
2.632e+01 4.738e+01 2.801e+01
3.159e+01 4.738e+01 3.331e+01
3.684e+01 4.738e+01 3.865e+01
4.211e+01 4.736e+01 4.395e+01
4.738e+01 4.736e+01 4.927e+01
5.262e+01 4.738e+01 5.460e+01
5.790e+01 4.735e+01 5.991e+01
6.316e+01 4.738e+01 6.520e+01
6.842e+01 4.738e+01 7.054e+01
7.368e+01 4.734e+01 7.584e+01
7.894e+01 4.735e+01 8.117e+01
8.421e+01 4.736e+01 8.647e+01
8.948e+01 4.737e+01 9.182e+01
9.473e+01 4.739e+01 9.711e+01
1.000e+02 4.738e+01 1.024e+02
1.208e-02 5.263e+01 1.436e+00
5.272e+00 5.264e+01 6.727e+00
1.054e+01 5.264e+01 1.206e+01
1.580e+01 5.262e+01 1.737e+01
2.104e+01 5.263e+01 2.269e+01
2.632e+01 5.263e+01 2.802e+01
3.159e+01 5.264e+01 3.331e+01
3.684e+01 5.263e+01 3.864e+01
4.211e+01 5.262e+01 4.397e+01
4.736e+01 5.262e+01 4.928e+01
5.262e+01 5.263e+01 5.458e+01
5.789e+01 5.264e+01 5.990e+01
6.316e+01 5.263e+01 6.521e+01
6.842e+01 5.262e+01 7.054e+01
7.370e+01 5.263e+01 7.585e+01
7.894e+01 5.263e+01 8.115e+01
8.421e+01 5.264e+01 8.648e+01
8.946e+01 5.264e+01 9.180e+01
9.474e+01 5.263e+01 9.713e+01
1.000e+02 5.264e+01 1.024e+02
-6.054e-03 5.789e+01 1.428e+00
5.273e+00 5.790e+01 6.734e+00
1.053e+01 5.790e+01 1.203e+01
1.578e+01 5.790e+01 1.737e+01
2.105e+01 5.790e+01 2.270e+01
2.632e+01 5.790e+01 2.801e+01
3.159e+01 5.791e+01 3.331e+01
3.684e+01 5.792e+01 3.863e+01
4.210e+01 5.788e+01 4.396e+01
4.736e+01 5.789e+01 4.925e+01
5.263e+01 5.790e+01 5.457e+01
5.788e+01 5.790e+01 5.990e+01
6.317e+01 5.789e+01 6.524e+01
6.843e+01 5.790e+01 7.055e+01
7.369e+01 5.790e+01 7.583e+01
7.894e+01 5.790e+01 8.118e+01
8.421e+01 5.788e+01 8.647e+01
8.947e+01 5.791e+01 9.182e+01
9.474e+01 5.790e+01 9.711e+01
9.998e+01 5.790e+01 1.025e+02
-1.925e-03 6.315e+01 1.429e+00
5.263e+00 6.317e+01 6.747e+00
1.053e+01 6.316e+01 1.207e+01
1.577e+01 6.316e+01 1.737e+01
2.106e+01 6.315e+01 2.270e+01
2.632e+01 6.317e+01 2.800e+01
3.160e+01 6.316e+01 3.332e+01
3.683e+01 6.316e+01 3.864e+01
4.212e+01 6.316e+01 4.396e+01
4.736e+01 6.316e+01 4.927e+01
5.265e+01 6.316e+01 5.459e+01
5.790e+01 6.315e+01 5.989e+01
6.315e+01 6.317e+01 6.520e+01
6.843e+01 6.316e+01 7.053e+01
7.368e+01 6.317e+01 7.585e+01
7.894e+01 6.316e+01 8.117e+01
8.422e+01 6.316e+01 8.650e+01
8.948e+01 6.317e+01 9.180e+01
9.472e+01 6.314e+01 9.712e+01
1.000e+02 6.317e+01 1.024e+02
1.548e-02 6.843e+01 1.411e+00
5.272e+00 6.842e+01 6.737e+00
1.052e+01 6.841e+01 1.206e+01
1.579e+01 6.843e+01 1.736e+01
2.104e+01 6.841e+01 2.269e+01
2.633e+01 6.844e+01 2.801e+01
3.158e+01 6.842e+01 3.331e+01
3.684e+01 6.840e+01 3.866e+01
4.208e+01 6.841e+01 4.395e+01
4.736e+01 6.842e+01 4.927e+01
5.263e+01 6.842e+01 5.459e+01
5.789e+01 6.842e+01 5.991e+01
6.314e+01 6.841e+01 6.521e+01
6.840e+01 6.843e+01 7.053e+01
7.369e+01 6.842e+01 7.585e+01
7.896e+01 6.842e+01 8.117e+01
8.420e+01 6.843e+01 8.648e+01
8.949e+01 6.842e+01 9.182e+01
9.472e+01 6.841e+01 9.713e+01
1.000e+02 6.842e+01 1.024e+02
-8.905e-03 7.371e+01 1.425e+00
5.254e+00 7.369e+01 6.750e+00
1.053e+01 7.369e+01 1.206e+01
1.579e+01 7.368e+01 1.737e+01
2.105e+01 7.369e+01 2.268e+01
2.631e+01 7.368e+01 2.799e+01
3.158e+01 7.368e+01 3.332e+01
3.683e+01 7.368e+01 3.864e+01
4.210e+01 7.368e+01 4.396e+01
4.737e+01 7.368e+01 4.927e+01
5.263e+01 7.367e+01 5.457e+01
5.789e+01 7.367e+01 5.990e+01
6.315e+01 7.368e+01 6.523e+01
6.842e+01 7.369e+01 7.053e+01
7.368e+01 7.367e+01 7.583e+01
7.895e+01 7.371e+01 8.115e+01
8.422e+01 7.367e+01 8.649e+01
8.948e+01 7.369e+01 9.179e+01
9.475e+01 7.368e+01 9.710e+01
1.000e+02 7.368e+01 1.024e+02
3.881e-03 7.895e+01 1.407e+00
5.241e+00 7.895e+01 6.735e+00
1.050e+01 7.895e+01 1.205e+01
1.579e+01 7.896e+01 1.738e+01
2.105e+01 7.895e+01 2.269e+01
2.630e+01 7.895e+01 2.802e+01
3.158e+01 7.892e+01 3.332e+01
3.684e+01 7.894e+01 3.863e+01
4.212e+01 7.895e+01 4.396e+01
4.735e+01 7.896e+01 4.927e+01
5.263e+01 7.894e+01 5.460e+01
5.789e+01 7.894e+01 5.989e+01
6.316e+01 7.894e+01 6.522e+01
6.842e+01 7.895e+01 7.053e+01
7.368e+01 7.893e+01 7.585e+01
7.897e+01 7.893e+01 8.117e+01
8.420e+01 7.896e+01 8.649e+01
8.947e+01 7.893e+01 9.179e+01
9.473e+01 7.895e+01 9.711e+01
1.000e+02 7.894e+01 1.024e+02
8.179e-03 8.421e+01 1.413e+00
5.253e+00 8.421e+01 6.731e+00
1.053e+01 8.421e+01 1.205e+01
1.579e+01 8.422e+01 1.737e+01
2.106e+01 8.420e+01 2.268e+01
2.632e+01 8.420e+01 2.803e+01
3.159e+01 8.422e+01 3.332e+01
3.683e+01 8.421e+01 3.865e+01
4.210e+01 8.421e+01 4.394e+01
4.738e+01 8.423e+01 4.927e+01
5.262e+01 8.422e+01 5.457e+01
5.789e+01 8.421e+01 5.991e+01
6.317e+01 8.422e+01 6.521e+01
6.842e+01 8.422e+01 7.053e+01
7.370e+01 8.421e+01 7.586e+01
7.896e+01 8.419e+01 8.117e+01
8.422e+01 8.422e+01 8.646e+01
8.948e+01 8.421e+01 9.180e+01
9.475e+01 8.421e+01 9.712e+01
1.000e+02 8.421e+01 1.024e+02
3.198e-04 8.948e+01 1.440e+00
5.265e+00 8.947e+01 6.726e+00
1.053e+01 8.947e+01 1.205e+01
1.579e+01 8.948e+01 1.737e+01
2.106e+01 8.948e+01 2.268e+01
2.631e+01 8.945e+01 2.802e+01
3.159e+01 8.949e+01 3.331e+01
3.683e+01 8.947e+01 3.863e+01
4.213e+01 8.947e+01 4.397e+01
4.736e+01 8.949e+01 4.925e+01
5.265e+01 8.948e+01 5.460e+01
5.791e+01 8.947e+01 5.990e+01
6.317e+01 8.947e+01 6.521e+01
6.842e+01 8.946e+01 7.053e+01
7.369e+01 8.949e+01 7.585e+01
7.895e+01 8.948e+01 8.116e+01
8.420e+01 8.948e+01 8.647e+01
8.948e+01 8.949e+01 9.179e+01
9.475e+01 8.948e+01 9.713e+01
9.999e+01 8.948e+01 1.024e+02
3.125e-03 9.472e+01 1.437e+00
5.274e+00 9.475e+01 6.755e+00
1.055e+01 9.476e+01 1.205e+01
1.580e+01 9.474e+01 1.737e+01
2.104e+01 9.472e+01 2.269e+01
2.632e+01 9.474e+01 2.798e+01
3.157e+01 9.473e+01 3.332e+01
3.684e+01 9.474e+01 3.864e+01
4.212e+01 9.474e+01 4.395e+01
4.737e+01 9.473e+01 4.927e+01
5.264e+01 9.474e+01 5.459e+01
5.789e+01 9.473e+01 5.990e+01
6.317e+01 9.474e+01 6.521e+01
6.842e+01 9.474e+01 7.054e+01
7.370e+01 9.476e+01 7.585e+01
7.895e+01 9.474e+01 8.116e+01
8.421e+01 9.474e+01 8.649e+01
8.947e+01 9.474e+01 9.180e+01
9.472e+01 9.473e+01 9.709e+01
1.000e+02 9.474e+01 1.024e+02
-1.493e-03 9.999e+01 1.422e+00
5.272e+00 9.999e+01 6.755e+00
1.053e+01 1.000e+02 1.207e+01
1.579e+01 1.000e+02 1.739e+01
2.106e+01 1.000e+02 2.268e+01
2.631e+01 9.998e+01 2.801e+01
3.156e+01 1.000e+02 3.332e+01
3.686e+01 1.000e+02 3.863e+01
4.211e+01 1.000e+02 4.395e+01
4.738e+01 1.000e+02 4.926e+01
5.262e+01 9.999e+01 5.459e+01
5.788e+01 1.000e+02 5.992e+01
6.316e+01 1.000e+02 6.521e+01
6.842e+01 1.000e+02 7.053e+01
7.365e+01 9.999e+01 7.585e+01
7.896e+01 9.999e+01 8.115e+01
8.421e+01 1.000e+02 8.649e+01
8.947e+01 1.000e+02 9.180e+01
9.473e+01 9.999e+01 9.713e+01
1.000e+02 9.999e+01 1.024e+02
6.339e-03 2.387e-03 1.409e+00
